1 1 1 1 
2 1 2 0 
3 1 3 1 
4 1 4 1 
5 1 5 1 
6 1 6 1 
7 1 7 1 
8 1 8 1 
9 1 9 1 
10 1 10 1 
11 2 1 1 
12 2 2 1 
13 2 3 0 
14 2 4 1 
15 2 5 1 
16 2 6 1 
17 2 7 0 
18 2 8 1 
19 2 9 1 
20 2 10 1 
21 3 1 1 
22 3 2 0 
23 3 3 1 
24 3 4 0 
25 3 5 1 
26 3 6 1 
27 3 7 1 
28 3 8 1 
29 3 9 1 
30 3 10 1 
31 4 1 1 
32 4 2 1 
33 4 3 1 
34 4 4 1 
35 4 5 1 
36 4 6 1 
37 4 7 1 
38 4 8 1 
39 4 9 1 
40 4 10 1 
41 5 1 1 
42 5 2 1 
43 5 3 1 
44 5 4 1 
45 5 5 1 
46 5 6 1 
47 5 7 1 
48 5 8 1 
49 5 9 1 
50 5 10 1 
51 6 1 1 
52 6 2 1 
53 6 3 1 
54 6 4 1 
55 6 5 1 
56 6 6 1 
57 6 7 1 
58 6 8 1 
59 6 9 1 
60 6 10 1 
61 7 1 1 
62 7 2 1 
63 7 3 1 
64 7 4 1 
65 7 5 1 
66 7 6 1 
67 7 7 1 
68 7 8 1 
69 7 9 1 
70 7 10 1 
71 8 1 1 
72 8 2 1 
73 8 3 1 
74 8 4 1 
75 8 5 1 
76 8 6 1 
77 8 7 1 
78 8 8 1 
79 8 9 1 
80 8 10 1 
81 9 1 1 
82 9 2 1 
83 9 3 1 
84 9 4 1 
85 9 5 1 
86 9 6 1 
87 9 7 1 
88 9 8 1 
89 9 9 1 
90 9 10 1 
91 10 1 1 
92 10 2 1 
93 10 3 1 
94 10 4 1 
95 10 5 1 
96 10 6 1 
97 10 7 1 
98 10 8 1 
99 10 9 1 
100 10 10 1 
