1 1 1 1 
2 2 1 1 
3 3 1 1 
4 4 1 1 
5 5 1 1 
6 6 1 1 
7 7 1 1 
8 8 1 1 
9 9 1 1 
10 10 1 0 
11 1 2 0 
12 2 2 0 
13 3 2 0 
14 4 2 1 
15 5 2 1 
16 6 2 1 
17 7 2 1 
18 8 2 1 
19 9 2 1 
20 10 2 1 
21 1 3 1 
22 2 3 1 
23 3 3 1 
24 4 3 0 
25 5 3 0 
26 6 3 1 
27 7 3 1 
28 8 3 1 
29 9 3 1 
30 10 3 1 
31 1 4 1 
32 2 4 1 
33 3 4 1 
34 4 4 1 
35 5 4 1 
36 6 4 1 
37 7 4 1 
38 8 4 1 
39 9 4 1 
40 10 4 1 
41 1 5 1 
42 2 5 1 
43 3 5 1 
44 4 5 1 
45 5 5 1 
46 6 5 1 
47 7 5 1 
48 8 5 1 
49 9 5 1 
50 10 5 1 
51 1 6 1 
52 2 6 1 
53 3 6 1 
54 4 6 1 
55 5 6 1 
56 6 6 1 
57 7 6 1 
58 8 6 1 
59 9 6 1 
60 10 6 1 
61 1 7 1 
62 2 7 1 
63 3 7 1 
64 4 7 1 
65 5 7 1 
66 6 7 1 
67 7 7 1 
68 8 7 1 
69 9 7 1 
70 10 7 1 
71 1 8 1 
72 2 8 1 
73 3 8 1 
74 4 8 1 
75 5 8 1 
76 6 8 1 
77 7 8 1 
78 8 8 1 
79 9 8 1 
80 10 8 1 
81 1 9 1 
82 2 9 1 
83 3 9 1 
84 4 9 1 
85 5 9 1 
86 6 9 1 
87 7 9 1 
88 8 9 1 
89 9 9 1 
90 10 9 1 
91 1 10 1 
92 2 10 1 
93 3 10 1 
94 4 10 1 
95 5 10 1 
96 6 10 1 
97 7 10 1 
98 8 10 1 
99 9 10 1 
100 10 10 1 
