20190604 
1 1 1 0 0 
2 1 2 0 0 
3 1 3 0 0 
4 1 4 0 0 
5 1 5 0 0 
6 1 6 0 0 
7 1 7 0 0 
8 1 8 0 0 
9 1 9 0 0 
10 1 10 0 0 
11 2 1 0 0 
12 2 2 0 0 
13 2 3 0 0 
14 2 4 0 0 
15 2 5 0 0 
16 2 6 0 0 
17 2 7 0 0 
18 2 8 0 0 
19 2 9 0 0 
20 2 10 0 0 
21 3 1 0 0 
22 3 2 0 0 
23 3 3 0 0 
24 3 4 0 0 
25 3 5 0 0 
26 3 6 0 0 
27 3 7 0 0 
28 3 8 0 0 
29 3 9 0 0 
30 3 10 0 0 
31 4 1 1 803 
32 4 2 0 0 
33 4 3 0 0 
34 4 4 0 0 
35 4 5 1 436 
36 4 6 0 0 
37 4 7 0 0 
38 4 8 0 0 
39 4 9 1 947 
40 4 10 0 0 
41 5 1 0 0 
42 5 2 0 0 
43 5 3 0 0 
44 5 4 0 0 
45 5 5 0 0 
46 5 6 0 0 
47 5 7 0 0 
48 5 8 0 0 
49 5 9 0 0 
50 5 10 0 0 
51 6 1 0 0 
52 6 2 0 0 
53 6 3 0 0 
54 6 4 0 0 
55 6 5 0 0 
56 6 6 0 0 
57 6 7 0 0 
58 6 8 0 0 
59 6 9 0 0 
60 6 10 0 0 
61 7 1 0 0 
62 7 2 0 0 
63 7 3 0 0 
64 7 4 0 0 
65 7 5 0 0 
66 7 6 0 0 
67 7 7 0 0 
68 7 8 0 0 
69 7 9 0 0 
70 7 10 0 0 
71 8 1 0 0 
72 8 2 0 0 
73 8 3 0 0 
74 8 4 0 0 
75 8 5 0 0 
76 8 6 0 0 
77 8 7 0 0 
78 8 8 0 0 
79 8 9 0 0 
80 8 10 0 0 
81 9 1 0 0 
82 9 2 0 0 
83 9 3 0 0 
84 9 4 0 0 
85 9 5 0 0 
86 9 6 0 0 
87 9 7 0 0 
88 9 8 1 40 
89 9 9 0 0 
90 9 10 0 0 
91 10 1 0 0 
92 10 2 0 0 
93 10 3 0 0 
94 10 4 0 0 
95 10 5 0 0 
96 10 6 0 0 
97 10 7 0 0 
98 10 8 0 0 
99 10 9 0 0 
100 10 10 0 0 
