89 9 9 710 20190617 20190621 
35 4 5 436 20190617 20191012 
15 2 5 956 20191010 20191015 
1 1 1 571 20191015 20191016 
1 1 1 981 20190812 20190816 
91 10 1 741 20190617 20190618 
82 9 2 321 20190810 20190815 
70 7 10 266 20190623 20190628 
30 3 10 963 20190724 20190726 
26 3 6 487 20190828 20190830 
23 3 6 169 20190813 20190815 
17 2 7 587 20190617 20190726 
14 2 4 750 20190712 20190719 
10 1 10 999 20190629 20190705 
5 1 5 78 20190710 20190715 
4 1 4 657 20190906 20190910 
39 4 9 947 20190617 20190629 
34 4 4 66 20190716 20190721 
31 4 1 365 20190816 20190820 
30 3 10 19 20190814 20190822 
23 3 6 145 20190713 20190715 
1 1 3 520 20190713 20190716 
1 1 1 270 20190712 20190714 
